Cost: 
51925.852754126645
Routes: 
22
0,88,218,54,162,5,87,10,202,165,24,79
0,153,125,131,179,164,188,28,238,145,98,154,239,74,60
0,146,4,2,152,19,100,83,123,137
0,167,63,139,207,205,141,101,132,82,169
0,16,247,143,140,58,56,50,26,148,234,191,40,7
0,70,18,173,129,214,183,55,228,156,176,215,189,33
0,136,37,127,233,250,72,11,242,172,249,227,84
0,112,200,244,199,35,64,226,230,206,109,161
0,186,121,52,138,216,73,93,38,201,59,159
0,171,69,208,130,174,68,20,102,134,42,178,95,246,240
0,157,220,116,65,80,23,99,111,36,51,185
0,22,150,57,110,163,197,232,160,71,61,245
0,96,248,170,144,113,32,76,142,193
0,94,204,48,195,155,225,187,6,90,147,3,235
0,241,66,237,104,105,92,114,29,44,12,108
0,106,213,1,103,166,184,107,198,222,135,53,158,151
0,43,122,15,175,13,128,149,81,194,210,118,182
0,126,115,212,78,67,117,97,34,89,75
0,91,236,224,177,181,229,124,77,221,41
0,180,14,133,62,47,223,31,39,25,120,243
0,9,119,219,85,203,30,190,209,211,8,192
0,196,49,86,231,27,45,168,17,21,217,46
