Cost: 
38065.193627606925
Routes: 
23
0,146,88,16,137,123,152,19,112,2,4,117,0
0,49,46,45,27,231,127,192,211,8,203,190,209,0
0,207,163,31,223,47,62,133,139,14,180,0
0,250,72,242,172,227,84,168,17,21,217,0
0,240,246,178,95,102,68,42,20,130,174,208,134,238,0
0,247,143,140,40,7,191,234,148,26,50,56,109,0
0,248,170,144,113,32,76,9,91,142,0
0,70,18,173,129,214,183,55,228,156,215,176,189,33,0
0,94,80,23,99,111,36,185,51,48,204,245,0
0,44,12,29,119,219,43,30,85,136,86,196,37,0
0,100,83,79,24,165,202,10,87,5,162,54,218,0
0,200,199,35,64,226,206,230,58,244,0
0,153,121,52,161,159,59,125,138,216,73,38,93,171,0
0,131,179,164,69,188,28,145,98,154,239,74,60,201,0
0,205,63,89,97,34,167,0
0,212,78,115,67,126,0
0,241,66,237,104,105,92,114,193,75,96,0
0,157,141,101,22,150,57,110,39,25,186,82,132,0
0,106,103,1,213,166,184,198,158,53,135,107,108,0
0,122,15,175,13,128,149,81,194,210,118,182,222,151,0
0,195,155,225,6,90,187,249,147,235,3,11,233,0
0,236,177,224,221,41,77,124,229,181,0
0,169,120,243,220,116,65,71,61,160,232,197,0
