Cost: 
52359.739216538896
Routes: 
22
0,2,200,143,140,40,7,191,234,148,26,50,56,109,161,120
0,153,82,169,186,199,64,226,230,206,58,244
0,164,69,208,130,174,68,20,102,42,178,95,246,240
0,141,22,163,31,223,197,232,160,71,61,245
0,123,247,54,162,5,87,10,202,165,24,79
0,70,18,173,129,214,183,55,228,156,176,215,189,33
0,139,86,231,27,45,168,17,21,217,46
0,4,112,19,152,100,83,137,16,88,218
0,121,52,243,93,38,73,216,138,125,59,159
0,171,179,131,188,134,238,28,145,98,154,239,74,60,201
0,157,220,116,65,80,23,99,111,36,51,185
0,142,193,106,219,43,30,190,209,203,85,211,8
0,248,170,144,113,32,76,9,91
0,94,204,48,195,155,225,6,90,187,227,84
0,241,66,237,104,105,92,114,29,44,12,108
0,119,213,1,103,166,184,107,198,135,53,158
0,167,132,101,205,207,150,57,110,39,25,35
0,126,115,212,78,67,146,117,97,34,89
0,37,192,127,233,250,72,11,242,172,249,235,3,147
0,96,75,63,180,14,133,196,62,47,49
0,122,15,175,13,128,149,81,194,210,118,182,151,222
0,136,236,224,177,181,229,124,77,221,41
