Cost: 
58639.867995118606
Routes: 
22
0,88,16,137,123,83,100,152,19,112,2,4
0,153,82,169,79,24,165,202,10,87,5,162,54,247
0,164,69,208,130,174,102,42,178,95,240,246,68,20
0,245,61,71,160,232,197,223,31,163,22,207
0,218,143,140,40,7,191,234,148,26,50,56,109,120,243
0,70,18,173,129,214,183,55,228,156,176,215,189,33
0,49,46,217,21,17,168,45,27,231,86,37,136
0,200,199,35,64,226,230,206,58,244
0,121,161,52,159,59,125,138,216,73,38,93,171
0,179,131,188,134,238,28,145,98,154,239,74,60,201
0,157,141,132,101,205,139,180,63,9
0,220,116,65,80,23,99,111,51,185,36,94
0,115,212,78,67,146,117,167,97,34,89,75
0,204,48,195,155,225,6,90,187,249,147
0,241,66,237,104,29,119,114,105,92,106,91
0,219,43,103,166,184,107,198,135,158,53,108
0,85,203,211,8,209,190,30,1,213,12,44
0,96,193,142,76,32,113,144,170,248,126
0,84,227,235,3,172,242,11,72,250,233,127,192
0,186,25,39,110,57,150,47,62,196,133,14
0,122,15,175,13,128,149,81,194,210,118,182,151,222
0,41,221,77,124,229,181,177,224,236
