Cost: 
53468.45169001094
Routes: 
22
0,115,88,16,137,123,83,100,152,19,112,2
0,153,238,134,208,130,174,68,20,102,42,178,95,246,240
0,146,4,218,54,162,5,87,10,202,165,24,79
0,89,63,180,14,205,141,132,101,22
0,247,143,140,191,40,7,234,148,26,50,56,120,243
0,70,18,173,129,214,183,55,228,156,176,215,189,33
0,136,37,86,231,27,45,168,17,21,217,46,49
0,200,244,199,35,64,226,230,206,58
0,82,121,161,52,171,93,38,73,216,138,125,59,159
0,109,201,131,179,164,69,188,28,145,98,154,239,74,60
0,157,207,163,31,223,197,232,160,71,61,245
0,169,220,116,65,80,23,99,111,36,51,185
0,126,212,78,67,117,167,97,34
0,94,204,48,195,155,225,187,6,90,147,3,235
0,241,66,237,104,105,92,114,29,44,12,108
0,213,1,103,166,184,107,198,222,135,53,158,151
0,119,219,43,30,85,203,209,190,211,8,192
0,96,248,170,144,113,32,76,9,193,142
0,196,127,233,250,72,11,242,172,249,227,84
0,75,139,133,62,47,150,57,110,39,25,186
0,106,122,15,175,13,128,149,81,194,210,118,182
0,91,236,224,177,181,229,124,77,221,41
