Cost: 
61875.86088662025
Routes: 
22
0,88,16,137,123,100,83,152,19,112,2,4
0,153,82,169,79,24,165,202,10,87,5,162,54,218
0,238,134,208,174,130,68,102,95,178,246,240,42,20
0,245,61,71,160,232,197,223,31,163,207,22
0,247,143,140,40,7,191,234,148,26,50,56,109,120,243
0,70,18,173,129,214,183,55,228,156,215,176,189,33
0,49,46,21,217,17,168,231,27,45,86,136,37
0,200,199,35,64,226,206,230,58,244
0,121,52,161,159,59,125,138,216,73,38,93,171
0,131,179,164,69,188,28,145,98,154,239,74,60,201
0,157,132,101,141,205,14,180,63,89
0,220,116,65,80,23,99,111,51,185,36,94
0,212,78,115,67,146,117,97,34,167,75,96
0,204,48,195,155,225,6,90,187,227,84
0,241,66,237,104,44,12,29,114,105,92,106
0,103,1,213,166,184,198,158,53,135,107,108
0,211,8,203,190,209,30,43,85,219,119,193
0,142,91,9,76,32,113,144,170,248,126
0,249,235,147,3,172,242,72,250,11,233,127,192
0,186,25,39,110,57,150,47,62,196,133,139
0,122,15,175,13,128,149,81,194,210,118,182,222,151
0,221,41,77,124,229,181,224,177,236
