Cost: 
54884.815674023295
Routes: 
22
0,115,67,88,16,218,137,123,83,100,19
0,153,132,169,79,24,165,202,10,87,5,162,54
0,238,134,208,130,174,68,20,102,42,178,95,246,240
0,167,207,163,31,223,197,232,160,245,61,71
0,247,143,140,191,40,7,234,148,26,50,56,120,243
0,70,18,173,129,214,183,55,228,156,176,215,189,33
0,63,49,46,217,21,17,168,45,27,231,86
0,200,244,199,35,64,226,230,206,58
0,82,121,161,52,159,59,125,138,216,73,38,93,171
0,109,201,131,179,164,69,188,28,145,98,154,239,74,60
0,97,157,141,101,205,180,139,14,133,196
0,117,220,116,65,80,94,23,99,111,36,51,185
0,126,212,78,146,34,89,75
0,22,204,48,195,155,225,6,90,187,227,84
0,241,66,237,104,12,44,29,114,105,92,106
0,91,108,213,1,103,166,184,107,198,135,53,158
0,193,119,219,85,203,211,8,209,190,30,43
0,96,142,9,76,32,113,144,170,248
0,37,192,127,233,250,72,11,242,172,249,235,3,147
0,4,2,112,152,186,25,39,110,57,150,62,47
0,122,15,175,13,128,149,81,194,210,118,182,151,222
0,136,236,224,177,181,229,124,77,221,41
